83
line 317 378 269 312 1 1 1
line 269 312 273 303 1 1 1
line 273 303 311 339 1 1 1
line 311 339 299 254 1 1 1
line 299 254 254 222 1 1 1
line 254 222 276 286 1 1 1
line 276 286 259 273 1 1 1
line 259 273 253 288 1 1 1
line 253 288 161 162 1 1 1
line 161 162 203 180 1 1 1
line 203 180 43 56 1 1 1
line 43 56 259 322 1 1 1
line 259 322 227 312 1 1 1
line 227 312 317 378 1 1 1
fill 267 318 1 1 1
line 323 328 374 328 1 1 1
line 374 328 372 312 1 1 1
line 372 312 346 312 1 1 1
line 346 312 345 302 1 1 1
line 345 302 371 302 1 1 1
line 371 302 369 285 1 1 1
line 369 285 342 285 1 1 1
line 342 285 341 274 1 1 1
line 341 274 367 274 1 1 1
line 367 274 365 257 1 1 1
line 365 257 313 257 1 1 1
line 313 257 323 328 1 1 1
fill 337 300 1 1 1
line 382 328 445 328 1 1 1
line 445 328 437 312 1 1 1
line 437 312 421 312 1 1 1
line 421 312 414 257 1 1 1
line 414 257 388 257 1 1 1
line 388 257 395 312 1 1 1
line 395 312 380 312 1 1 1
line 380 312 382 328 1 1 1
fill 400 300 1 1 1
line 457 328 484 328 1 1 1
line 484 328 504 257 1 1 1
line 504 257 476 257 1 1 1
line 476 257 474 266 1 1 1
line 474 266 457 266 1 1 1
line 457 266 454 257 1 1 1
line 454 257 426 257 1 1 1
line 426 257 457 328 1 1 1
line 467 296 470 284 1 1 1
line 470 284 463 284 1 1 1
line 463 284 467 296 1 1 1
fill 480 300 1 1 1
line 510 328 536 328 1 1 1
line 536 328 536 275 1 1 1
line 536 275 561 275 1 1 1
line 561 275 561 257 1 1 1
line 561 257 510 257 1 1 1
line 510 257 510 328 1 1 
fill 525 300 1 1 1
line 566 328 591 328 1 1 1
line 591 328 596 274 1 1 1
line 596 274 619 274 1 1 1
line 619 274 620 257 1 1 1
line 620 257 569 257 1 1 1
line 569 257 566 328 1 1 1
fill 575 300 1 1 1
line 623 328 650 328 1 1 1
line 650 328 657 257 1 1 1
line 657 257 630 257 1 1 1
line 630 257 623 328 1 1 1
fill 640 300 1 1 1
line 703 377 792 320 1 1 1
line 792 320 761 328 1 1 1
line 761 328 980 56 1 1 1
line 980 56 823 179 1 1 1
line 823 179 863 162 1 1 1
line 863 162 799 250 1 1 1
line 799 250 766 272 1 1 1
line 766 272 782 220 1 1 1
line 782 220 742 255 1 1 1
line 742 255 727 345 1 1 1
line 727 345 703 377 1 1 1
line 752 313 771 288 1 1 1
line 771 288 757 294 1 1 1
line 757 294 752 313 1 1 1
fill 742 300 1 1 1